GaussElimination_column.m 为Gauss列主元消去法的脚本程序
————————————————————————————————————————————————————
LU.m为LU分解法的脚本程序
————————————————————————————————————————————————————
Jacobi.m为Jacobi迭代法的脚本程序
————————————————————————————————————————————————————
gs.m为G-S迭代法的脚本程序
————————————————————————————————————————————————————
sor.m为SOR超松弛迭代法的脚本程序
————————————————————————————————————————————————————
附上n取各个值时的系数矩阵A，方便调试
n=1
A=[1 0 0 0;
   -1 3 -1 -1;
   -1 -1 4 -2;
   -1 -1 -2 4]
—————————————————————————————
n=2
A=[1 0 0 0 0 0 0 0;     
    -1 3 -1 -1 0 0 0 0;
    -1 -1 4 -1 -1 0 0 0;
    -1 -1 -1 4 0 -1 0 0;
    0 0 -1 0 4 -1 -1 -1;
    0 0 0 -1 -1 4 -1 -1;
    0 0 0 0 -1 -1 4 -2;
    0 0 0 0 -1 -1 -2 4]
——————————————————————————————
n=3
A=[1 0 0 0 0 0 0 0 0 0 0 0;

    -1 3 -1 -1 0 0 0 0 0 0 0 0;

    -1 -1 4 -1 -1 0 0 0 0 0 0 0;

    -1 -1 -1 4 0 -1 0 0 0 0 0 0;

    0 0 -1 0 4 -1 -1 -1 0 0 0 0;

    0 0 0 -1 -1 4 -1 -1 0 0 0 0;

    0 0 0 0 -1 -1 4 -1 -1 0 0 0;

    0 0 0 0 -1 -1 -1 4 0 -1 0 0;

    0 0 0 0 0 0 -1 0 4 -1 -1 -1;

    0 0 0 0 0 0 0 -1 -1 4 -1 -1;

    0 0 0 0 0 0 0 0 -1 -1 4 -2;

    0 0 0 0 0 0 0 0 -1 -1 -2 4];
________________________________
n=4
A=[1 0 0 0 0 0 0 0 0 0 0 0 0 0 0 0 ;
 
    -1 3 -1 -1 0 0 0 0 0 0 0 0 0 0 0 0 ;
 
    -1 -1 4 -1 -1 0 0 0 0 0 0 0 0 0 0 0 ;
 
    -1 -1 -1 4 0 -1 0 0 0 0 0 0 0 0 0 0 ;
 
    0 0 -1 0 4 -1 -1 -1 0 0 0 0 0 0 0 0 ;
 
    0 0 0 -1 -1 4 -1 -1 0 0 0 0 0 0 0 0 ;
 
    0 0 0 0 -1 -1 4 -1 -1 0 0 0 0 0 0 0 ;
 
    0 0 0 0 -1 -1 -1 4 0 -1 0 0 0 0 0 0 ;
 
    0 0 0 0 0 0 -1 0 4 -1 -1 -1 0 0 0 0 ;
 
    0 0 0 0 0 0 0 -1 -1 4 -1 -1 0 0 0 0 ;
 
    0 0 0 0 0 0 0 0 -1 -1 4 -1 -1 0 0 0 ;
 
    0 0 0 0 0 0 0 0 -1 -1 -1 4 0 -1 0 0 ;
 
    0 0 0 0 0 0 0 0 0 0 -1 0 4 -1 -1 -1 ;
 
    0 0 0 0 0 0 0 0 0 0 0 -1 -1 4 -1 -1 ;
 
    0 0 0 0 0 0 0 0 0 0 0 0 -1 -1 4 -2 ;
 
    0 0 0 0 0 0 0 0 0 0 0 0 -1 -1 -2 4 ];
___________________________________________
n=5
A=[ -1 -1 -1 4 0 -1 0 0 0 0 0 0 0 0 0 0 0 0 0 0;

    0 0 -1 0 4 -1 -1 -1 0 0 0 0 0 0 0 0 0 0 0 0;

    0 0 0 -1 -1 4 -1 -1 0 0 0 0 0 0 0 0 0 0 0 0;

    0 0 0 0 -1 -1 4 -1 -1 0 0 0 0 0 0 0 0 0 0 0;

    0 0 0 0 -1 -1 -1 4 0 -1 0 0 0 0 0 0 0 0 0 0;

    0 0 0 0 0 0 -1 0 4 -1 -1 -1 0 0 0 0 0 0 0 0;

    0 0 0 0 0 0 0 -1 -1 4 -1 -1 0 0 0 0 0 0 0 0;

    0 0 0 0 0 0 0 0 -1 -1 4 -1 -1 0 0 0 0 0 0 0;

    0 0 0 0 0 0 0 0 -1 -1 -1 4 0 -1 0 0 0 0 0 0;

    0 0 0 0 0 0 0 0 0 0 -1 0 4 -1 -1 -1 0 0 0 0;

    0 0 0 0 0 0 0 0 0 0 0 -1 -1 4 -1 -1 0 0 0 0;

    0 0 0 0 0 0 0 0 0 0 0 0 -1 -1 4 -1 -1 0 0 0;

    0 0 0 0 0 0 0 0 0 0 0 0 -1 -1 -1 4 0 -1 0 0;

    0 0 0 0 0 0 0 0 0 0 0 0 0 0 -1 0 4 -1 -1 -1;

    0 0 0 0 0 0 0 0 0 0 0 0 0 0 0 -1 -1 4 -1 -1;

    0 0 0 0 0 0 0 0 0 0 0 0 0 0 0 0 -1 -1 4 -2;

    0 0 0 0 0 0 0 0 0 0 0 0 0 0 0 0 -1 -1 -2 4]

